R = 0.803041
P = 1.39043e-113
N = 498