R = 0.166146
P = 1.54577e-59
N = 9462